/*
 * @Author: Sun Shiquan email:786721684@qq.com
 * @Date: 2024-11-18 10:14:17
 * @LastEditTime: 2024-11-18 10:16:28
 * @LastEditors: Sun Shiquan
 * @Description: 
 * @FilePath: \SD-UANET_load_balance\client\result\result_all.txt
 */


1.无移动节点时6个节点时文件传输时间：

y_data_TEDS_2g_ordinary = [13.65, 13.16, 12.89, 13.68, 14.68, 14.69, 13.95, 15.26, 14.68, 14.44]
y_data_EDWS_2g_ordinary = [12.37, 12.52, 13.26, 13.15, 12.26, 14.39, 13.68, 14.16, 12.85, 12.72]
y_data_MEDWS_2g_ordinary = [11.10, 11.73, 11.52, 11.84, 12.00, 12.00, 11.62, 11.56, 11.66, 11.78]

y_data_TEDS_5g_ordinary = [7.65, 7.84, 7.24, 7.64, 7.94, 7.16, 6.92, 7.64, 7.28, 7.19]
y_data_EDWS_5g_ordinary = [6.84, 6.95, 6.85, 6.93, 6.91, 7.15, 7.17, 6.98, 6.53, 7.10]
y_data_MEDWS_5g_ordinary = [6.15, 6.02, 5.95, 6.15, 6.0, 6.25, 5.90, 6.30, 6.35, 6.22]



2.无移动节点-2g和5g无线频段的文件传输时间对比：
y_data_test_dual_band_2g_ordinary = [30.73, 27.32, 27.80, 30.25, 31.28, 33.40, 30.67, 28.55, 28.85, 29.05]
y_data_test_dual_band_5g_ordinary = [14.07, 13.10, 14.37, 13.73, 14.33, 13.82, 14.33, 13.98, 14.27, 14.60]



3.2G频段下有移动节点和无移动节点的文件传输时间对比 + 增加链路负载情况下的文件传输时间对比 + 不同的无人机辅助方式下的文件传输时间对比：
y_data_test_2g_ordinary = [12.55, 12.27, 14.90, 14.93, 12.43, 13.22, 13.72, 13.58, 14.00, 13.88]
y_data_test_2g_mobile = [11.25, 11.5, 12.17, 11.88, 11.08, 11.75, 12.08, 11.43, 11.83, 11.27]

y_data_test_2g_add_load_ordinary = [17.9, 14.72, 18.7, 16.43, 15.65, 14.3, 15.42, 16.93, 15.25, 16.23]
y_data_test_2g_add_load_mobile = [11.88, 12.25, 11.43, 12.7, 12.01, 11.5, 12.58, 13.08, 12.83, 11.96]

y_data_test_2g_hmobile = [12.15, 11.9, 12.55, 12.32, 12.70, 11.82, 11.9, 12.46, 12.38, 12.27]
y_data_test_2g_add_load_hmobile = [13.95, 13.34, 14.43, 14.80, 12.4, 13.30, 12.90, 13.08, 13.42, 13.50]



3.5G频段下有移动节点和无移动节点的文件传输时间对比 + 增加链路负载情况下的文件传输时间对比 + 不同的无人机辅助方式下的文件传输时间对比：
y_data_test_5g_ordinary = [10.52, 10.65, 10.22, 10.85, 12.07, 10.42, 11.80, 11.32, 10.57, 11.23]
y_data_test_5g_mobile = [9.17, 9.43, 8.87, 9.85, 9.97, 10.17, 9.5, 9.67, 10.58, 9.7]

y_data_test_5g_ordinary_add_load = [12.08, 13.5, 14.15, 12.7, 11.88, 12.93, 12.9, 13.35, 12.8, 12.18]
y_data_test_5g_mobile_add_load = [10.08, 10.27, 10.87, 9.96, 9.5, 10.16, 9.8, 9.48, 10.37, 9.92]

y_data_tedst_5g_hmobile = [9.56, 10.00, 9.65, 10.12, 10.00, 10.49, 10.25, 10.50, 10.60, 10.5]
y_data_test_5g_hmobile_ad_load = [11.10, 11.00, 11.87, 10.96, 11.5, 10.90, 10.8, 11.48, 11.30, 11.22]



